
 50 2 1 1     132     1        0.0010 
 50 2 1 2     135     1        0.0000 
 50 2 1 3     125     1        0.0000 
 50 2 1 4     162     1        0.0000 
 50 2 1 5     118     1        0.0000 
 50 2 1 6     133     1        0.0010 
 50 2 1 7     140     1        0.0000 
 50 2 1 8     130     1        0.0000 
 50 2 1 9     150     1        0.0000 
 50 2 1 10     126     1        0.0000 
 50 2 2 1     252     1        0.0010 
 50 2 2 2     291     1        0.0000 
 50 2 2 3     261     1        0.0000 
 50 2 2 4     299     1        0.0000 
 50 2 2 5     263     1        0.0000 
 50 2 2 6     273     1        0.0000 
 50 2 2 7     249     1        0.0000 
 50 2 2 8     241     1        0.0001 
 50 2 2 9     261     1        0.0000 
 50 2 2 10     267     1        0.0000 
 50 2 3 1     632     1        0.0000 
 50 2 3 2     649     1        0.0000 
 50 2 3 3     500     1        0.0000 
 50 2 3 4     715     1        0.8070 
 50 2 3 5     555     1        0.0000 
 50 2 3 6     748     1        0.0000 
 50 2 3 7     571     1        0.0000 
 50 2 3 8     609     1        0.0000 
 50 2 3 9     616     1        0.0000 
 50 2 3 10     695     1        0.0000 
 50 2 4 1     149     1        0.0000 
 50 2 4 2     151     1        0.0000 
 50 2 4 3     150     1        0.0000 
 50 2 4 4     145     1        0.0000 
 50 2 4 5     151     1        0.0000 
 50 2 4 6     144     1        0.0000 
 50 2 4 7     150     1        0.0000 
 50 2 4 8     161     1        0.0000 
 50 2 4 9     138     1        0.0002 
 50 2 4 10     146     1        0.6320 
 50 2 5 1     277     1        0.7500 
 50 2 5 2     281     1        0.0030 
 50 2 5 3     288     1        0.0020 
 50 2 5 4     278     1        0.0010 
 50 2 5 5     267     1        0.0010 
 50 2 5 6     284     1        0.0001 
 50 2 5 7     280     1        0.0010 
 50 2 5 8     273     1        0.0010 
 50 2 5 9     267     1        0.6050 
 50 2 5 10     279     1        0.0010 
 50 2 6 1     661     1        0.4790 
 50 2 6 2     646     1        0.0020 
 50 2 6 3     666     1        0.4800 
 50 2 6 4     633     1        0.0030 
 50 2 6 5     639     1        0.0010 
 50 2 6 6     656     1        0.0000 
 50 2 6 7     645     1        0.0000 
 50 2 6 8     635     1        0.0000 
 50 2 6 9     648     1        0.0000 
 50 2 6 10     641     1        0.0010 
 50 5 1 1     142     1        0.0000 
 50 5 1 2     137     1        0.0010 
 50 5 1 3     148     1        0.0000 
 50 5 1 4     129     1        0.0000 
 50 5 1 5     148     1        0.0000 
 50 5 1 6     138     1        0.0000 
 50 5 1 7     131     1        0.0000 
 50 5 1 8     139     1        0.0010 
 50 5 1 9     121     1        0.0010 
 50 5 1 10     134     1        0.0010 
 50 5 2 1     256     1        0.0000 
 50 5 2 2     244     1        0.0000 
 50 5 2 3     251     1        0.0000 
 50 5 2 4     289     1        0.0000 
 50 5 2 5     254     1        0.0010 
 50 5 2 6     231     1        0.0000 
 50 5 2 7     278     1        0.0000 
 50 5 2 8     261     1        0.0000 
 50 5 2 9     279     1        0.0000 
 50 5 2 10     302     1        0.0010 
 50 5 3 1     697     1        0.0010 
 50 5 3 2     633     1        0.0010 
 50 5 3 3     612     1        0.0000 
 50 5 3 4     724     1        0.4800 
 50 5 3 5     656     1        0.0020 
 50 5 3 6     592     1        0.5090 
 50 5 3 7     658     1        0.0010 
 50 5 3 8     572     1        0.0010 
 50 5 3 9     627     1        0.4460 
 50 5 3 10     635     1        0.0010 
 50 5 4 1     144     1        0.0000 
 50 5 4 2     147     1        0.0000 
 50 5 4 3     152     1        0.0000 
 50 5 4 4     144     1        0.0000 
 50 5 4 5     151     1        0.0010 
 50 5 4 6     141     1        0.0000 
 50 5 4 7     152     1        0.0000 
 50 5 4 8     155     1        0.0000 
 50 5 4 9     158     1        0.0000 
 50 5 4 10     148     1        0.0001 
 50 5 5 1     260     1        0.0000 
 50 5 5 2     273     1        0.0010 
 50 5 5 3     277     1        0.0000 
 50 5 5 4     264     1        0.0000 
 50 5 5 5     283     1        0.0000 
 50 5 5 6     267     1        0.0000 
 50 5 5 7     268     1        0.0000 
 50 5 5 8     267     1        0.0000 
 50 5 5 9     281     1        0.0010 
 50 5 5 10     282     1        0.0010 
 50 5 6 1     637     1        0.0000 
 50 5 6 2     641     1        0.0000 
 50 5 6 3     637     1        0.0000 
 50 5 6 4     634     1        0.0000 
 50 5 6 5     636     1        0.4850 
 50 5 6 6     658     1        0.0020 
 50 5 6 7     667     1        0.0010 
 50 5 6 8     637     1        0.5060 
 50 5 6 9     682     1        0.0020 
 50 5 6 10     659     1        0.5290 
 50 10 1 1     139     1        0.0020 
 50 10 1 2     151     1        0.0020 
 50 10 1 3     116     1        0.0020 
 50 10 1 4     142     1        0.0000 
 50 10 1 5     139     1        0.0000 
 50 10 1 6     126     1        0.0000 
 50 10 1 7     127     1        0.0000 
 50 10 1 8     150     1        0.0010 
 50 10 1 9     144     1        0.0040 
 50 10 1 10     140     1        0.0010 
 50 10 2 1     296     1        0.5550 
 50 10 2 2     244     1        0.0060 
 50 10 2 3     261     1        0.0030 
 50 10 2 4     268     1        0.0030 
 50 10 2 5     271     1        0.0020 
 50 10 2 6     308     1        0.0010 
 50 10 2 7     270     1        0.0020 
 50 10 2 8     271     1        0.0010 
 50 10 2 9     278     1        0.0010 
 50 10 2 10     256     1        0.0030 
 50 10 3 1     563     1        0.0010 
 50 10 3 2     748     1        0.0010 
 50 10 3 3     732     1        0.5850 
 50 10 3 4     717     1        0.0020 
 50 10 3 5     631     1        0.0020 
 50 10 3 6     603     1        0.0000 
 50 10 3 7     673     1        0.0000 
 50 10 3 8     651     1        0.0000 
 50 10 3 9     606     1        0.4890 
 50 10 3 10     679     1        0.0020 
 50 10 4 1     159     1        0.0010 
 50 10 4 2     150     1        0.0010 
 50 10 4 3     146     1        0.0000 
 50 10 4 4     152     1        0.0000 
 50 10 4 5     153     1        0.0000 
 50 10 4 6     148     1        0.0000 
 50 10 4 7     149     1        0.0000 
 50 10 4 8     146     1        0.0000 
 50 10 4 9     144     1        0.0000 
 50 10 4 10     150     1        0.0010 
 50 10 5 1     279     1        0.0000 
 50 10 5 2     268     1        0.0000 
 50 10 5 3     284     1        0.4620 
 50 10 5 4     270     1        0.0010 
 50 10 5 5     281     1        0.5400 
 50 10 5 6     279     1        0.0020 
 50 10 5 7     274     1        0.0010 
 50 10 5 8     269     1        0.0010 
 50 10 5 9     275     1        0.0010 
 50 10 5 10     289     1        0.0001 
 50 10 6 1     654     1        0.0000 
 50 10 6 2     652     1        0.5140 
 50 10 6 3     634     1        0.0020 
 50 10 6 4     643     1        0.0010 
 50 10 6 5     649     1        0.0000 
 50 10 6 6     652     1        0.0000 
 50 10 6 7     649     1        0.0000 
 50 10 6 8     656     1        0.0000 
 50 10 6 9     660     1        0.0000 
 50 10 6 10     649     1        0.0000 
 50 15 1 1     122     1        0.0000 
 50 15 1 2     140     1        0.0010 
 50 15 1 3     151     1        0.0000 
 50 15 1 4     145     1        0.0000 
 50 15 1 5     137     1        0.0000 
 50 15 1 6     143     1        0.0000 
 50 15 1 7     136     1        0.0000 
 50 15 1 8     125     1        0.0000 
 50 15 1 9     139     1        0.0000 
 50 15 1 10     127     1        0.0000 
 50 15 2 1     283     1        0.0000 
 50 15 2 2     225     1        0.0000 
 50 15 2 3     280     1        0.0000 
 50 15 2 4     278     1        0.0000 
 50 15 2 5     285     1        0.0010 
 50 15 2 6     288     1        0.0000 
 50 15 2 7     229     1        0.0000 
 50 15 2 8     254     1        0.0000 
 50 15 2 9     289     1        0.0000 
 50 15 2 10     279     1        0.0000 
 50 15 3 1     618     1        0.0000 
 50 15 3 2     585     1        0.0000 
 50 15 3 3     602     1        0.0000 
 50 15 3 4     710     1        0.0000 
 50 15 3 5     682     1        0.0000 
 50 15 3 6     672     1        0.0000 
 50 15 3 7     619     1        0.0000 
 50 15 3 8     591     1        0.0000 
 50 15 3 9     523     1        0.0000 
 50 15 3 10     598     1        0.0010 
 50 15 4 1     153     1        0.0010 
 50 15 4 2     150     1        0.0010 
 50 15 4 3     142     1        0.0000 
 50 15 4 4     149     1        0.0000 
 50 15 4 5     160     1        0.0000 
 50 15 4 6     145     1        0.0000 
 50 15 4 7     153     1        0.0000 
 50 15 4 8     146     1        0.0000 
 50 15 4 9     149     1        0.0000 
 50 15 4 10     154     1        0.0000 
 50 15 5 1     276     1        0.0000 
 50 15 5 2     276     1        0.0000 
 50 15 5 3     279     1        0.0000 
 50 15 5 4     292     1        0.0010 
 50 15 5 5     287     1        0.0010 
 50 15 5 6     277     1        0.0000 
 50 15 5 7     290     1        0.0000 
 50 15 5 8     273     1        0.0000 
 50 15 5 9     271     1        0.5110 
 50 15 5 10     271     1        0.0020 
 50 15 6 1     641     1        0.0010 
 50 15 6 2     678     1        0.0010 
 50 15 6 3     627     1        0.4420 
 50 15 6 4     638     1        0.4510 
 50 15 6 5     638     1        0.4920 
 50 15 6 6     653     1        0.0020 
 50 15 6 7     659     1        0.0020 
 50 15 6 8     665     1        0.0010 
 50 15 6 9     656     1        0.0000 
 50 15 6 10     646     1        0.5010 
 50 20 1 1     118     1        0.0020 
 50 20 1 2     125     1        0.0020 
 50 20 1 3     155     1        0.0020 
 50 20 1 4     136     1        0.0010 
 50 20 1 5     120     1        0.0000 
 50 20 1 6     142     1        0.0000 
 50 20 1 7     133     1        0.0000 
 50 20 1 8     149     1        0.0000 
 50 20 1 9     143     1        0.0000 
 50 20 1 10     138     1        0.0010 
 50 20 2 1     256     1        0.0010 
 50 20 2 2     217     1        0.0000 
 50 20 2 3     227     1        0.0000 
 50 20 2 4     232     1        0.0000 
 50 20 2 5     229     1        0.0000 
 50 20 2 6     283     1        0.0000 
 50 20 2 7     250     1        0.0000 
 50 20 2 8     263     1        0.0000 
 50 20 2 9     288     1        0.0000 
 50 20 2 10     258     1        0.0000 
 50 20 3 1     640     1        0.4720 
 50 20 3 2     642     1        0.4530 
 50 20 3 3     630     1        0.0020 
 50 20 3 4     617     1        0.0010 
 50 20 3 5     691     1        0.0001 
 50 20 3 6     703     1        0.4610 
 50 20 3 7     622     1        0.0010 
 50 20 3 8     623     1        0.0010 
 50 20 3 9     745     1        0.4260 
 50 20 3 10     706     1        0.0030 
 50 20 4 1     148     1        0.0000 
 50 20 4 2     154     1        0.0000 
 50 20 4 3     149     1        0.0000 
 50 20 4 4     145     1        0.0000 
 50 20 4 5     151     1        0.0000 
 50 20 4 6     146     1        0.0000 
 50 20 4 7     152     1        0.0000 
 50 20 4 8     150     1        0.0000 
 50 20 4 9     147     1        0.0000 
 50 20 4 10     154     1        0.0000 
 50 20 5 1     270     1        0.0000 
 50 20 5 2     286     1        0.0000 
 50 20 5 3     271     1        0.0000 
 50 20 5 4     278     1        0.0020 
 50 20 5 5     277     1        0.0010 
 50 20 5 6     267     1        0.0000 
 50 20 5 7     277     1        0.0000 
 50 20 5 8     272     1        0.4860 
 50 20 5 9     272     1        0.0020 
 50 20 5 10     275     1        0.0010 
 50 20 6 1     655     1        0.0010 
 50 20 6 2     639     1        0.0010 
 50 20 6 3     661     1        0.0000 
 50 20 6 4     649     1        0.0000 
 50 20 6 5     658     1        0.5070 
 50 20 6 6     640     1        0.0020 
 50 20 6 7     644     1        0.5240 
 50 20 6 8     656     1        0.0030 
 50 20 6 9     646     1        0.0010 
 50 20 6 10     660     1        0.0000 
 100 2 1 1     270     1        0.0000 
 100 2 1 2     260     1        0.0010 
 100 2 1 3     271     1        0.0001 
 100 2 1 4     277     1        0.0000 
 100 2 1 5     282     1        0.0000 
 100 2 1 6     270     1        0.0000 
 100 2 1 7     287     1        0.0000 
 100 2 1 8     297     1        0.0000 
 100 2 1 9     255     1        0.0000 
 100 2 1 10     293     1        0.0020 
 100 2 2 1     505     1        0.0000 
 100 2 2 2     562     1        0.0001 
 100 2 2 3     544     1        0.0000 
 100 2 2 4     510     1        0.0000 
 100 2 2 5     528     1        0.0000 
 100 2 2 6     528     1        0.0000 
 100 2 2 7     495     1        0.0010 
 100 2 2 8     579     1        0.0010 
 100 2 2 9     480     1        0.0010 
 100 2 2 10     528     1        0.0010 
 100 2 3 1     1207     1        0.0001 
 100 2 3 2     1260     1        0.0001 
 100 2 3 3     1278     1        0.0000 
 100 2 3 4     1138     1        0.0000 
 100 2 3 5     1218     1        0.0000 
 100 2 3 6     1270     1        0.0000 
 100 2 3 7     1259     1        0.0000 
 100 2 3 8     1311     1        0.0000 
 100 2 3 9     1192     1        0.0000 
 100 2 3 10     1307     1        0.0000 
 100 2 4 1     291     1        0.0000 
 100 2 4 2     323     1        0.0010 
 100 2 4 3     300     1        0.0000 
 100 2 4 4     297     1        0.0000 
 100 2 4 5     297     1        0.0000 
 100 2 4 6     291     1        0.0000 
 100 2 4 7     302     1        0.0000 
 100 2 4 8     295     1        0.0000 
 100 2 4 9     308     1        0.0000 
 100 2 4 10     299     1        0.0000 
 100 2 5 1     534     1        0.0000 
 100 2 5 2     537     1        0.0000 
 100 2 5 3     554     1        0.0000 
 100 2 5 4     538     1        0.0000 
 100 2 5 5     540     1        0.0010 
 100 2 5 6     564     1        0.5070 
 100 2 5 7     560     1        0.0010 
 100 2 5 8     528     1        0.0000 
 100 2 5 9     551     1        0.0010 
 100 2 5 10     528     1        0.0010 
 100 2 6 1     1330     1        0.5010 
 100 2 6 2     1286     1        0.5780 
 100 2 6 3     1291     1        0.0020 
 100 2 6 4     1310     1        0.0001 
 100 2 6 5     1309     1        0.5130 
 100 2 6 6     1310     1        0.0030 
 100 2 6 7     1320     1        0.0010 
 100 2 6 8     1284     1        0.0000 
 100 2 6 9     1309     1        0.0001 
 100 2 6 10     1307     1        0.0000 
 100 5 1 1     266     1        0.0000 
 100 5 1 2     262     1        0.0000 
 100 5 1 3     258     1        0.0000 
 100 5 1 4     272     1        0.0010 
 100 5 1 5     279     1        0.0000 
 100 5 1 6     286     1        0.0000 
 100 5 1 7     275     1        0.0000 
 100 5 1 8     252     1        0.0000 
 100 5 1 9     299     1        0.0000 
 100 5 1 10     257     1        0.0000 
 100 5 2 1     567     1        0.0000 
 100 5 2 2     561     1        0.0000 
 100 5 2 3     483     1        0.0000 
 100 5 2 4     529     1        0.0000 
 100 5 2 5     535     1        0.0000 
 100 5 2 6     442     1        0.0000 
 100 5 2 7     518     1        0.0000 
 100 5 2 8     533     1        0.0010 
 100 5 2 9     537     1        0.0010 
 100 5 2 10     508     1        0.0010 
 100 5 3 1     1314     1        0.0000 
 100 5 3 2     1219     1        0.0000 
 100 5 3 3     1279     1        0.0000 
 100 5 3 4     1284     1        0.0000 
 100 5 3 5     1389     1        0.0000 
 100 5 3 6     1280     1        0.0000 
 100 5 3 7     1247     1        0.0000 
 100 5 3 8     1291     1        0.0000 
 100 5 3 9     1279     1        0.0000 
 100 5 3 10     1264     1        0.0000 
 100 5 4 1     302     1        0.0010 
 100 5 4 2     297     1        0.0020 
 100 5 4 3     290     1        0.0010 
 100 5 4 4     304     1        0.0000 
 100 5 4 5     292     1        0.0000 
 100 5 4 6     301     1        0.0000 
 100 5 4 7     290     1        0.0000 
 100 5 4 8     302     1        0.0000 
 100 5 4 9     308     1        0.0000 
 100 5 4 10     304     1        0.0000 
 100 5 5 1     536     1        0.0000 
 100 5 5 2     560     1        0.0000 
 100 5 5 3     540     1        0.5100 
 100 5 5 4     540     1        0.0010 
 100 5 5 5     558     1        0.0010 
 100 5 5 6     538     1        0.0010 
 100 5 5 7     570     1        0.0001 
 100 5 5 8     559     1        0.0000 
 100 5 5 9     550     1        0.0000 
 100 5 5 10     550     1        0.0000 
 100 5 6 1     1310     1        0.0000 
 100 5 6 2     1308     1        0.0000 
 100 5 6 3     1276     1        0.0000 
 100 5 6 4     1284     1        0.0000 
 100 5 6 5     1298     1        0.0000 
 100 5 6 6     1315     1        0.0000 
 100 5 6 7     1339     1        0.0000 
 100 5 6 8     1281     1        0.0000 
 100 5 6 9     1293     1        0.0000 
 100 5 6 10     1298     1        0.0010 
 100 10 1 1     276     1        0.0001 
 100 10 1 2     289     1        0.0000 
 100 10 1 3     293     1        0.0000 
 100 10 1 4     270     1        0.0000 
 100 10 1 5     285     1        0.0000 
 100 10 1 6     274     1        0.0000 
 100 10 1 7     293     1        0.0000 
 100 10 1 8     254     1        0.0000 
 100 10 1 9     288     1        0.0000 
 100 10 1 10     269     1        0.0000 
 100 10 2 1     520     1        0.0000 
 100 10 2 2     538     1        0.0000 
 100 10 2 3     528     1        0.0010 
 100 10 2 4     531     1        0.0010 
 100 10 2 5     515     1        0.0010 
 100 10 2 6     548     1        0.0010 
 100 10 2 7     497     1        0.0000 
 100 10 2 8     535     1        0.0000 
 100 10 2 9     483     1        0.0000 
 100 10 2 10     536     1        0.0000 
 100 10 3 1     1216     1        0.0000 
 100 10 3 2     1301     1        0.0000 
 100 10 3 3     1268     1        0.0000 
 100 10 3 4     1321     1        0.4670 
 100 10 3 5     1301     1        0.0010 
 100 10 3 6     1269     1        0.0010 
 100 10 3 7     1280     1        0.0010 
 100 10 3 8     1201     1        0.0000 
 100 10 3 9     1258     1        0.0000 
 100 10 3 10     1291     1        0.0000 
 100 10 4 1     303     1        0.0010 
 100 10 4 2     308     1        0.0010 
 100 10 4 3     287     1        0.0010 
 100 10 4 4     298     1        0.0010 
 100 10 4 5     316     1        0.0010 
 100 10 4 6     291     1        0.4700 
 100 10 4 7     297     1        0.0020 
 100 10 4 8     303     1        0.0010 
 100 10 4 9     301     1        0.0000 
 100 10 4 10     299     1        0.0000 
 100 10 5 1     556     1        0.0000 
 100 10 5 2     545     1        0.0000 
 100 10 5 3     546     1        0.0000 
 100 10 5 4     541     1        0.4660 
 100 10 5 5     527     1        0.0020 
 100 10 5 6     552     1        0.0010 
 100 10 5 7     566     1        0.0010 
 100 10 5 8     552     1        0.0000 
 100 10 5 9     533     1        0.0000 
 100 10 5 10     536     1        0.0000 
 100 10 6 1     1309     1        0.0000 
 100 10 6 2     1340     1        0.0000 
 100 10 6 3     1264     1        0.0000 
 100 10 6 4     1310     1        0.0000 
 100 10 6 5     1304     1        0.0010 
 100 10 6 6     1294     1        0.0000 
 100 10 6 7     1273     1        0.0000 
 100 10 6 8     1314     1        0.0000 
 100 10 6 9     1283     1        0.5730 
 100 10 6 10     1303     1        0.5130 
 100 15 1 1     298     1        0.0020 
 100 15 1 2     282     1        0.0010 
 100 15 1 3     278     1        0.0010 
 100 15 1 4     261     1        0.0010 
 100 15 1 5     248     1        0.0010 
 100 15 1 6     260     1        0.0010 
 100 15 1 7     272     1        0.0000 
 100 15 1 8     293     1        0.0000 
 100 15 1 9     269     1        0.0001 
 100 15 1 10     264     1        0.0000 
 100 15 2 1     550     1        0.0000 
 100 15 2 2     558     1        0.0010 
 100 15 2 3     583     1        0.0000 
 100 15 2 4     500     1        0.0000 
 100 15 2 5     503     1        0.0010 
 100 15 2 6     531     1        0.0001 
 100 15 2 7     513     1        0.0000 
 100 15 2 8     499     1        0.0000 
 100 15 2 9     527     1        0.0000 
 100 15 2 10     484     1        0.0000 
 100 15 3 1     1263     1        0.0000 
 100 15 3 2     1343     1        0.0000 
 100 15 3 3     1314     1        0.0000 
 100 15 3 4     1310     1        0.0000 
 100 15 3 5     1335     1        0.0000 
 100 15 3 6     1242     1        0.0000 
 100 15 3 7     1147     1        0.0000 
 100 15 3 8     1157     1        0.0010 
 100 15 3 9     1177     1        0.0010 
 100 15 3 10     1277     1        0.0001 
 100 15 4 1     301     1        0.0000 
 100 15 4 2     297     1        0.0000 
 100 15 4 3     300     1        0.0000 
 100 15 4 4     298     1        0.0000 
 100 15 4 5     302     1        0.0000 
 100 15 4 6     294     1        0.5310 
 100 15 4 7     314     1        0.0020 
 100 15 4 8     289     1        0.0010 
 100 15 4 9     291     1        0.0010 
 100 15 4 10     296     1        0.0000 
 100 15 5 1     557     1        0.0002 
 100 15 5 2     540     1        0.0000 
 100 15 5 3     550     1        0.0000 
 100 15 5 4     538     1        0.5010 
 100 15 5 5     539     1        0.0020 
 100 15 5 6     551     1        0.0010 
 100 15 5 7     551     1        0.4640 
 100 15 5 8     550     1        0.0020 
 100 15 5 9     534     1        0.0000 
 100 15 5 10     548     1        0.0000 
 100 15 6 1     1301     1        0.5160 
 100 15 6 2     1318     1        0.0020 
 100 15 6 3     1282     1        0.4870 
 100 15 6 4     1315     1        0.5880 
 100 15 6 5     1302     1        0.0020 
 100 15 6 6     1262     1        0.0001 
 100 15 6 7     1314     1        0.4710 
 100 15 6 8     1290     1        0.0010 
 100 15 6 9     1259     1        0.4680 
 100 15 6 10     1277     1        0.0020 
 100 20 1 1     280     1        0.0030 
 100 20 1 2     269     1        0.0000 
 100 20 1 3     265     1        0.0000 
 100 20 1 4     249     1        0.0000 
 100 20 1 5     252     1        0.0000 
 100 20 1 6     275     1        0.0000 
 100 20 1 7     266     1        0.0000 
 100 20 1 8     277     1        0.0002 
 100 20 1 9     284     1        0.0000 
 100 20 1 10     261     1        0.0000 
 100 20 2 1     524     1        0.0000 
 100 20 2 2     511     1        0.0000 
 100 20 2 3     534     1        0.0000 
 100 20 2 4     541     1        0.0000 
 100 20 2 5     530     1        0.0000 
 100 20 2 6     560     1        0.0001 
 100 20 2 7     556     1        0.0010 
 100 20 2 8     527     1        0.0010 
 100 20 2 9     542     1        0.0010 
 100 20 2 10     488     1        0.0010 
 100 20 3 1     1321     1        0.0000 
 100 20 3 2     1223     1        0.0010 
 100 20 3 3     1301     1        0.0001 
 100 20 3 4     1342     1        0.0000 
 100 20 3 5     1267     1        0.0000 
 100 20 3 6     1337     1        0.0000 
 100 20 3 7     1228     1        0.0000 
 100 20 3 8     1268     1        0.0000 
 100 20 3 9     1271     1        0.0000 
 100 20 3 10     1332     1        0.0010 
 100 20 4 1     299     1        0.0000 
 100 20 4 2     288     1        0.0000 
 100 20 4 3     304     1        0.0000 
 100 20 4 4     309     1        0.0010 
 100 20 4 5     312     1        0.0010 
 100 20 4 6     306     1        0.0000 
 100 20 4 7     303     1        0.0000 
 100 20 4 8     295     1        0.0000 
 100 20 4 9     296     1        0.0000 
 100 20 4 10     312     1        0.0000 
 100 20 5 1     580     1        0.0000 
 100 20 5 2     555     1        0.0000 
 100 20 5 3     543     1        0.0000 
 100 20 5 4     543     1        0.0000 
 100 20 5 5     534     1        0.0000 
 100 20 5 6     543     1        0.0000 
 100 20 5 7     568     1        0.0000 
 100 20 5 8     545     1        0.0000 
 100 20 5 9     545     1        0.0000 
 100 20 5 10     545     1        0.0000 
 100 20 6 1     1295     1        0.5320 
 100 20 6 2     1279     1        0.0040 
 100 20 6 3     1299     1        0.0040 
 100 20 6 4     1311     1        0.0003 
 100 20 6 5     1296     1        0.0010 
 100 20 6 6     1324     1        0.0010 
 100 20 6 7     1269     1        0.0040 
 100 20 6 8     1282     1        0.0000 
 100 20 6 9     1303     1        0.0020 
 100 20 6 10     1277     1        0.0030 
 150 2 1 1     416     1        0.0010 
 150 2 1 2     412     1        0.0020 
 150 2 1 3     424     1        0.0001 
 150 2 1 4     416     1        0.0000 
 150 2 1 5     406     1        0.0001 
 150 2 1 6     461     1        0.0000 
 150 2 1 7     385     1        0.0010 
 150 2 1 8     403     1        0.0010 
 150 2 1 9     402     1        0.0010 
 150 2 1 10     422     1        0.0010 
 150 2 2 1     797     1        0.0050 
 150 2 2 2     793     1        0.0001 
 150 2 2 3     868     1        0.0000 
 150 2 2 4     863     1        0.0020 
 150 2 2 5     817     1        0.0001 
 150 2 2 6     810     1        0.0010 
 150 2 2 7     772     1        0.0010 
 150 2 2 8     827     1        0.0020 
 150 2 2 9     730     1        0.0010 
 150 2 2 10     769     1        0.0010 
 150 2 3 1     1830     1        0.0010 
 150 2 3 2     1778     1        0.0000 
 150 2 3 3     1972     1        0.0001 
 150 2 3 4     2057     1        0.0010 
 150 2 3 5     2062     1        0.0000 
 150 2 3 6     1765     1        0.0000 
 150 2 3 7     1847     1        0.0003 
 150 2 3 8     1908     1        0.0010 
 150 2 3 9     1866     1        0.0030 
 150 2 3 10     1896     1        0.0010 
 150 2 4 1     436     1        0.0002 
 150 2 4 2     439     1        0.0000 
 150 2 4 3     446     1        0.0020 
 150 2 4 4     450     1        0.0010 
 150 2 4 5     459     1        0.0002 
 150 2 4 6     455     1        0.0020 
 150 2 4 7     454     1        0.0010 
 150 2 4 8     457     1        0.0000 
 150 2 4 9     455     1        0.0000 
 150 2 4 10     448     1        0.0001 
 150 2 5 1     812     1        0.0020 
 150 2 5 2     845     1        0.5620 
 150 2 5 3     834     1        0.0020 
 150 2 5 4     804     1        0.0010 
 150 2 5 5     821     1        0.0010 
 150 2 5 6     825     1        0.0010 
 150 2 5 7     837     1        0.0001 
 150 2 5 8     825     1        0.0005 
 150 2 5 9     855     1        0.0002 
 150 2 5 10     821     1        0.0000 
 150 2 6 1     1911     1        0.0000 
 150 2 6 2     1939     1        0.0000 
 150 2 6 3     1968     1        0.0000 
 150 2 6 4     1921     1        0.5180 
 150 2 6 5     1971     1        0.0020 
 150 2 6 6     1931     1        0.0010 
 150 2 6 7     1982     1        0.0010 
 150 2 6 8     1932     1        0.5520 
 150 2 6 9     1938     1        0.0020 
 150 2 6 10     1963     1        0.0010 
 150 5 1 1     396     1        0.0010 
 150 5 1 2     439     1        0.0010 
 150 5 1 3     403     1        0.0010 
 150 5 1 4     433     1        0.0001 
 150 5 1 5     400     1        0.0000 
 150 5 1 6     437     1        0.0000 
 150 5 1 7     406     1        0.0010 
 150 5 1 8     420     1        0.0000 
 150 5 1 9     428     1        0.0000 
 150 5 1 10     420     1        0.0000 
 150 5 2 1     824     1        0.0000 
 150 5 2 2     853     1        0.0000 
 150 5 2 3     720     1        0.0010 
 150 5 2 4     794     1        0.0010 
 150 5 2 5     784     1        0.0000 
 150 5 2 6     796     1        0.0000 
 150 5 2 7     786     1        0.0000 
 150 5 2 8     783     1        0.0000 
 150 5 2 9     821     1        0.0001 
 150 5 2 10     773     1        0.0000 
 150 5 3 1     1997     1        0.0000 
 150 5 3 2     1818     1        0.0000 
 150 5 3 3     2019     1        0.0000 
 150 5 3 4     1888     1        0.0000 
 150 5 3 5     2025     1        0.0000 
 150 5 3 6     2039     1        0.0010 
 150 5 3 7     1970     1        0.0000 
 150 5 3 8     1985     1        0.0020 
 150 5 3 9     1923     1        0.0010 
 150 5 3 10     1835     1        0.0010 
 150 5 4 1     441     1        0.0000 
 150 5 4 2     446     1        0.0000 
 150 5 4 3     452     1        0.0000 
 150 5 4 4     448     1        0.0000 
 150 5 4 5     456     1        0.0000 
 150 5 4 6     451     1        0.0000 
 150 5 4 7     451     1        0.0000 
 150 5 4 8     456     1        0.0000 
 150 5 4 9     447     1        0.0000 
 150 5 4 10     436     1        0.0001 
 150 5 5 1     815     1        0.0000 
 150 5 5 2     814     1        0.0000 
 150 5 5 3     816     1        0.0020 
 150 5 5 4     833     1        0.0010 
 150 5 5 5     806     1        0.0000 
 150 5 5 6     810     1        0.0000 
 150 5 5 7     840     1        0.0000 
 150 5 5 8     818     1        0.0000 
 150 5 5 9     814     1        0.6060 
 150 5 5 10     819     1        0.6120 
 150 5 6 1     1957     1        0.0010 
 150 5 6 2     1944     1        0.0010 
 150 5 6 3     1902     1        0.6380 
 150 5 6 4     1975     1        0.0010 
 150 5 6 5     1947     1        0.0010 
 150 5 6 6     1937     1        0.0010 
 150 5 6 7     1977     1        0.0003 
 150 5 6 8     1945     1        0.0000 
 150 5 6 9     1949     1        0.0000 
 150 5 6 10     1989     1        0.0000 
 150 10 1 1     425     1        0.0010 
 150 10 1 2     396     1        0.0000 
 150 10 1 3     420     1        0.0000 
 150 10 1 4     408     1        0.0001 
 150 10 1 5     442     1        0.0010 
 150 10 1 6     449     1        0.0000 
 150 10 1 7     409     1        0.0000 
 150 10 1 8     410     1        0.0000 
 150 10 1 9     392     1        0.0000 
 150 10 1 10     404     1        0.0000 
 150 10 2 1     862     1        0.0000 
 150 10 2 2     792     1        0.0000 
 150 10 2 3     815     1        0.0000 
 150 10 2 4     853     1        0.0000 
 150 10 2 5     793     1        0.0000 
 150 10 2 6     852     1        0.0000 
 150 10 2 7     820     1        0.0000 
 150 10 2 8     762     1        0.0000 
 150 10 2 9     776     1        0.0000 
 150 10 2 10     728     1        0.0000 
 150 10 3 1     1831     1        0.0000 
 150 10 3 2     1827     1        0.0001 
 150 10 3 3     1887     1        0.0000 
 150 10 3 4     1993     1        0.0000 
 150 10 3 5     1916     1        0.0000 
 150 10 3 6     1843     1        0.0000 
 150 10 3 7     1995     1        0.0000 
 150 10 3 8     1846     1        0.0000 
 150 10 3 9     2005     1        0.0000 
 150 10 3 10     1966     1        0.0000 
 150 10 4 1     463     1        0.0000 
 150 10 4 2     463     1        0.0000 
 150 10 4 3     447     1        0.0030 
 150 10 4 4     445     1        0.0010 
 150 10 4 5     467     1        0.0001 
 150 10 4 6     447     1        0.0000 
 150 10 4 7     439     1        0.0000 
 150 10 4 8     466     1        0.0000 
 150 10 4 9     473     1        0.0000 
 150 10 4 10     458     1        0.0000 
 150 10 5 1     837     1        0.0000 
 150 10 5 2     831     1        0.0000 
 150 10 5 3     825     1        0.0000 
 150 10 5 4     836     1        0.0000 
 150 10 5 5     825     1        0.0000 
 150 10 5 6     818     1        0.0000 
 150 10 5 7     853     1        0.0010 
 150 10 5 8     819     1        0.0010 
 150 10 5 9     827     1        0.0000 
 150 10 5 10     834     1        0.0000 
 150 10 6 1     1965     1        0.5000 
 150 10 6 2     1944     1        0.0010 
 150 10 6 3     1955     1        0.0010 
 150 10 6 4     1948     1        0.0010 
 150 10 6 5     1947     1        0.0001 
 150 10 6 6     1945     1        0.0000 
 150 10 6 7     1934     1        0.0000 
 150 10 6 8     1997     1        0.4940 
 150 10 6 9     1950     1        0.0000 
 150 10 6 10     1933     1        0.5470 
 150 15 1 1     403     1        0.0020 
 150 15 1 2     385     1        0.0020 
 150 15 1 3     383     1        0.0000 
 150 15 1 4     427     1        0.0000 
 150 15 1 5     396     1        0.0000 
 150 15 1 6     428     1        0.0000 
 150 15 1 7     393     1        0.0000 
 150 15 1 8     442     1        0.0000 
 150 15 1 9     415     1        0.0000 
 150 15 1 10     418     1        0.0000 
 150 15 2 1     837     1        0.0000 
 150 15 2 2     777     1        0.0000 
 150 15 2 3     837     1        0.0000 
 150 15 2 4     773     1        0.0010 
 150 15 2 5     797     1        0.0000 
 150 15 2 6     731     1        0.0000 
 150 15 2 7     783     1        0.0000 
 150 15 2 8     792     1        0.0000 
 150 15 2 9     830     1        0.0010 
 150 15 2 10     775     1        0.0000 
 150 15 3 1     1879     1        0.0000 
 150 15 3 2     1894     1        0.0000 
 150 15 3 3     1884     1        0.0000 
 150 15 3 4     1846     1        0.0000 
 150 15 3 5     1890     1        0.0000 
 150 15 3 6     1873     1        0.0000 
 150 15 3 7     1909     1        0.0000 
 150 15 3 8     1882     1        0.0000 
 150 15 3 9     1984     1        0.0000 
 150 15 3 10     1816     1        0.0000 
 150 15 4 1     446     1        0.0000 
 150 15 4 2     457     1        0.0010 
 150 15 4 3     445     1        0.0010 
 150 15 4 4     454     1        0.0010 
 150 15 4 5     451     1        0.0010 
 150 15 4 6     442     1        0.0010 
 150 15 4 7     436     1        0.0000 
 150 15 4 8     445     1        0.0000 
 150 15 4 9     457     1        0.4390 
 150 15 4 10     452     1        0.0010 
 150 15 5 1     832     1        0.0010 
 150 15 5 2     827     1        0.0000 
 150 15 5 3     807     1        0.0000 
 150 15 5 4     816     1        0.0010 
 150 15 5 5     829     1        0.0010 
 150 15 5 6     837     1        0.0000 
 150 15 5 7     836     1        0.5200 
 150 15 5 8     871     1        0.0030 
 150 15 5 9     840     1        0.7530 
 150 15 5 10     820     1        0.0040 
 150 15 6 1     1948     1        0.0010 
 150 15 6 2     1954     1        0.0010 
 150 15 6 3     1941     1        0.0010 
 150 15 6 4     1948     1        0.6730 
 150 15 6 5     1972     1        0.0020 
 150 15 6 6     1981     1        0.0020 
 150 15 6 7     1963     1        0.0010 
 150 15 6 8     1960     1        0.0020 
 150 15 6 9     1957     1        0.0020 
 150 15 6 10     1936     1        0.0010 
 150 20 1 1     423     1        0.0010 
 150 20 1 2     421     1        0.0010 
 150 20 1 3     400     1        0.0020 
 150 20 1 4     388     1        0.0010 
 150 20 1 5     402     1        0.0010 
 150 20 1 6     425     1        0.0040 
 150 20 1 7     421     1        0.0020 
 150 20 1 8     418     1        0.0020 
 150 20 1 9     394     1        0.0010 
 150 20 1 10     390     1        0.0010 
 150 20 2 1     742     1        0.0010 
 150 20 2 2     768     1        0.0020 
 150 20 2 3     759     1        0.0010 
 150 20 2 4     793     1        0.0040 
 150 20 2 5     790     1        0.0030 
 150 20 2 6     791     1        0.0010 
 150 20 2 7     725     1        0.0010 
 150 20 2 8     787     1        0.0010 
 150 20 2 9     904     1        0.0010 
 150 20 2 10     835     1        0.0020 
 150 20 3 1     1875     1        0.0040 
 150 20 3 2     1919     1        0.0010 
 150 20 3 3     1669     1        0.0003 
 150 20 3 4     1795     1        0.0020 
 150 20 3 5     2008     1        0.0010 
 150 20 3 6     1983     1        0.0010 
 150 20 3 7     1830     1        0.0020 
 150 20 3 8     1976     1        0.0020 
 150 20 3 9     1949     1        0.0010 
 150 20 3 10     1806     1        0.0010 
 150 20 4 1     443     1        0.0010 
 150 20 4 2     454     1        0.0020 
 150 20 4 3     471     1        0.0010 
 150 20 4 4     459     1        0.0060 
 150 20 4 5     468     1        0.0020 
 150 20 4 6     447     1        0.0030 
 150 20 4 7     461     1        0.0020 
 150 20 4 8     462     1        0.0020 
 150 20 4 9     459     1        0.0050 
 150 20 4 10     456     1        0.0010 
 150 20 5 1     841     1        0.0010 
 150 20 5 2     858     1        0.0020 
 150 20 5 3     825     1        0.0030 
 150 20 5 4     817     1        0.0010 
 150 20 5 5     820     1        0.0040 
 150 20 5 6     823     1        0.0010 
 150 20 5 7     843     1        0.0010 
 150 20 5 8     832     1        0.7700 
 150 20 5 9     827     1        0.0030 
 150 20 5 10     821     1        0.0010 
 150 20 6 1     1927     1        0.0010 
 150 20 6 2     1943     1        0.0010 
 150 20 6 3     1936     1        0.0010 
 150 20 6 4     1933     1        0.0020 
 150 20 6 5     1931     1        0.0030 
 150 20 6 6     1976     1        0.0010 
 150 20 6 7     1984     1        0.0010 
 150 20 6 8     1990     1        0.0010 
 150 20 6 9     1927     1        0.8330 
 150 20 6 10     1926     1        0.0030 
 200 2 1 1     516     1        0.0010 
 200 2 1 2     523     1        0.0010 
 200 2 1 3     584     1        0.0010 
 200 2 1 4     549     1        0.0010 
 200 2 1 5     541     1        0.0010 
 200 2 1 6     541     1        0.0010 
 200 2 1 7     578     1        0.0001 
 200 2 1 8     557     1        0.0000 
 200 2 1 9     535     1        0.0000 
 200 2 1 10     534     1        0.0000 
 200 2 2 1     1024     1        0.0000 
 200 2 2 2     1077     1        0.0001 
 200 2 2 3     1040     1        0.0001 
 200 2 2 4     1067     1        0.0010 
 200 2 2 5     1032     1        0.0010 
 200 2 2 6     1017     1        0.0000 
 200 2 2 7     1011     1        0.0000 
 200 2 2 8     1061     1        0.0000 
 200 2 2 9     1057     1        0.0000 
 200 2 2 10     1044     1        0.0000 
 200 2 3 1     2369     1        0.0000 
 200 2 3 2     2508     1        0.0010 
 200 2 3 3     2619     1        0.0000 
 200 2 3 4     2318     1        0.0000 
 200 2 3 5     2755     1        0.0000 
 200 2 3 6     2633     1        0.0000 
 200 2 3 7     2542     1        0.0000 
 200 2 3 8     2591     1        0.0000 
 200 2 3 9     2526     1        0.0010 
 200 2 3 10     2597     1        0.0010 
 200 2 4 1     613     1        0.0000 
 200 2 4 2     599     1        0.5060 
 200 2 4 3     598     1        0.0020 
 200 2 4 4     588     1        0.0010 
 200 2 4 5     603     1        0.0010 
 200 2 4 6     583     1        0.0010 
 200 2 4 7     603     1        0.0010 
 200 2 4 8     611     1        0.0010 
 200 2 4 9     577     1        0.0010 
 200 2 4 10     587     1        0.0000 
 200 2 5 1     1077     1        0.0001 
 200 2 5 2     1084     1        0.0000 
 200 2 5 3     1098     1        0.0000 
 200 2 5 4     1104     1        0.0001 
 200 2 5 5     1112     1        0.0000 
 200 2 5 6     1105     1        0.0000 
 200 2 5 7     1098     1        0.0000 
 200 2 5 8     1138     1        0.0000 
 200 2 5 9     1103     1        0.5370 
 200 2 5 10     1094     1        0.5060 
 200 2 6 1     2535     1        0.0030 
 200 2 6 2     2612     1        0.6170 
 200 2 6 3     2612     1        0.0050 
 200 2 6 4     2580     1        0.0020 
 200 2 6 5     2599     1        0.7250 
 200 2 6 6     2617     1        0.0020 
 200 2 6 7     2600     1        0.0010 
 200 2 6 8     2618     1        0.0000 
 200 2 6 9     2576     1        0.0000 
 200 2 6 10     2672     1        0.0000 
 200 5 1 1     523     1        0.0000 
 200 5 1 2     559     1        0.0000 
 200 5 1 3     550     1        0.0020 
 200 5 1 4     525     1        0.0000 
 200 5 1 5     553     1        0.0000 
 200 5 1 6     563     1        0.0010 
 200 5 1 7     551     1        0.0010 
 200 5 1 8     551     1        0.0010 
 200 5 1 9     554     1        0.0001 
 200 5 1 10     512     1        0.0000 
 200 5 2 1     1068     1        0.0001 
 200 5 2 2     1035     1        0.0000 
 200 5 2 3     1050     1        0.0000 
 200 5 2 4     1035     1        0.0001 
 200 5 2 5     1025     1        0.0000 
 200 5 2 6     976     1        0.0000 
 200 5 2 7     1051     1        0.0001 
 200 5 2 8     975     1        0.0000 
 200 5 2 9     1078     1        0.0000 
 200 5 2 10     1006     1        0.0010 
 200 5 3 1     2397     1        0.0001 
 200 5 3 2     2430     1        0.0010 
 200 5 3 3     2506     1        0.0005 
 200 5 3 4     2461     1        0.0001 
 200 5 3 5     2574     1        0.0001 
 200 5 3 6     2547     1        0.0001 
 200 5 3 7     2515     1        0.0002 
 200 5 3 8     2473     1        0.0010 
 200 5 3 9     2476     1        0.0001 
 200 5 3 10     2478     1        0.0010 
 200 5 4 1     604     1        0.0003 
 200 5 4 2     595     1        0.0002 
 200 5 4 3     603     1        0.0001 
 200 5 4 4     593     1        0.0001 
 200 5 4 5     606     1        0.0001 
 200 5 4 6     591     1        0.0001 
 200 5 4 7     603     1        0.0000 
 200 5 4 8     614     1        0.0001 
 200 5 4 9     602     1        0.0000 
 200 5 4 10     595     1        0.0001 
 200 5 5 1     1115     1        0.0010 
 200 5 5 2     1095     1        0.0010 
 200 5 5 3     1101     1        0.0010 
 200 5 5 4     1120     1        0.0001 
 200 5 5 5     1098     1        0.0010 
 200 5 5 6     1079     1        0.0001 
 200 5 5 7     1089     1        0.0000 
 200 5 5 8     1085     1        0.0000 
 200 5 5 9     1090     1        0.0001 
 200 5 5 10     1128     1        0.0001 
 200 5 6 1     2608     1        0.0000 
 200 5 6 2     2593     1        0.0000 
 200 5 6 3     2551     1        0.0000 
 200 5 6 4     2602     1        0.0010 
 200 5 6 5     2594     1        0.0010 
 200 5 6 6     2620     1        0.5370 
 200 5 6 7     2586     1        0.0020 
 200 5 6 8     2627     1        0.5210 
 200 5 6 9     2608     1        0.0020 
 200 5 6 10     2606     1        0.0010 
 200 10 1 1     522     1        0.0010 
 200 10 1 2     544     1        0.0010 
 200 10 1 3     549     1        0.0010 
 200 10 1 4     561     1        0.0010 
 200 10 1 5     541     1        0.0010 
 200 10 1 6     541     1        0.0010 
 200 10 1 7     532     1        0.0010 
 200 10 1 8     562     1        0.0010 
 200 10 1 9     559     1        0.0020 
 200 10 1 10     527     1        0.0000 
 200 10 2 1     1039     1        0.0001 
 200 10 2 2     1063     1        0.0000 
 200 10 2 3     1002     1        0.0000 
 200 10 2 4     1031     1        0.0000 
 200 10 2 5     1004     1        0.0000 
 200 10 2 6     997     1        0.0000 
 200 10 2 7     1056     1        0.0000 
 200 10 2 8     1072     1        0.0000 
 200 10 2 9     1125     1        0.0000 
 200 10 2 10     1033     1        0.0000 
 200 10 3 1     2422     1        0.0000 
 200 10 3 2     2190     1        0.0000 
 200 10 3 3     2562     1        0.0000 
 200 10 3 4     2561     1        0.0010 
 200 10 3 5     2486     1        0.0010 
 200 10 3 6     2752     1        0.0000 
 200 10 3 7     2522     1        0.0000 
 200 10 3 8     2522     1        0.0000 
 200 10 3 9     2410     1        0.0000 
 200 10 3 10     2509     1        0.0000 
 200 10 4 1     617     1        0.0000 
 200 10 4 2     599     1        0.0000 
 200 10 4 3     583     1        0.0000 
 200 10 4 4     594     1        0.0000 
 200 10 4 5     586     1        0.0000 
 200 10 4 6     591     1        0.0000 
 200 10 4 7     603     1        0.0002 
 200 10 4 8     592     1        0.0010 
 200 10 4 9     606     1        0.0000 
 200 10 4 10     607     1        0.0000 
 200 10 5 1     1103     1        0.5170 
 200 10 5 2     1104     1        0.0040 
 200 10 5 3     1092     1        0.0010 
 200 10 5 4     1083     1        0.0000 
 200 10 5 5     1108     1        0.4690 
 200 10 5 6     1096     1        0.0030 
 200 10 5 7     1096     1        0.0000 
 200 10 5 8     1104     1        0.0000 
 200 10 5 9     1103     1        0.0000 
 200 10 5 10     1089     1        0.0000 
 200 10 6 1     2598     1        0.0000 
 200 10 6 2     2601     1        0.0000 
 200 10 6 3     2615     1        0.0000 
 200 10 6 4     2605     1        0.0000 
 200 10 6 5     2554     1        0.0000 
 200 10 6 6     2600     1        0.0000 
 200 10 6 7     2588     1        0.0001 
 200 10 6 8     2592     1        0.0020 
 200 10 6 9     2606     1        0.0001 
 200 10 6 10     2602     1        0.0000 
 200 15 1 1     550     1        0.0000 
 200 15 1 2     527     1        0.0000 
 200 15 1 3     534     1        0.0000 
 200 15 1 4     536     1        0.0000 
 200 15 1 5     531     1        0.0000 
 200 15 1 6     533     1        0.0000 
 200 15 1 7     554     1        0.0000 
 200 15 1 8     531     1        0.0000 
 200 15 1 9     557     1        0.0000 
 200 15 1 10     559     1        0.0000 
 200 15 2 1     982     1        0.0020 
 200 15 2 2     1069     1        0.0000 
 200 15 2 3     1025     1        0.0000 
 200 15 2 4     1033     1        0.0001 
 200 15 2 5     1025     1        0.0000 
 200 15 2 6     1099     1        0.0000 
 200 15 2 7     1067     1        0.0000 
 200 15 2 8     987     1        0.0000 
 200 15 2 9     1091     1        0.0000 
 200 15 2 10     973     1        0.0000 
 200 15 3 1     2686     1        0.0000 
 200 15 3 2     2584     1        0.0000 
 200 15 3 3     2643     1        0.0000 
 200 15 3 4     2556     1        0.0000 
 200 15 3 5     2434     1        0.0000 
 200 15 3 6     2449     1        0.0020 
 200 15 3 7     2534     1        0.0010 
 200 15 3 8     2554     1        0.0000 
 200 15 3 9     2621     1        0.0010 
 200 15 3 10     2475     1        0.0000 
 200 15 4 1     601     1        0.0000 
 200 15 4 2     608     1        0.0000 
 200 15 4 3     595     1        0.0000 
 200 15 4 4     578     1        0.0000 
 200 15 4 5     613     1        0.0000 
 200 15 4 6     616     1        0.5010 
 200 15 4 7     604     1        0.0030 
 200 15 4 8     595     1        0.0010 
 200 15 4 9     607     1        0.0002 
 200 15 4 10     603     1        0.0001 
 200 15 5 1     1123     1        0.0001 
 200 15 5 2     1108     1        0.0000 
 200 15 5 3     1106     1        0.0000 
 200 15 5 4     1075     1        0.0010 
 200 15 5 5     1090     1        0.0010 
 200 15 5 6     1100     1        0.0000 
 200 15 5 7     1105     1        0.0020 
 200 15 5 8     1087     1        0.0001 
 200 15 5 9     1103     1        0.0010 
 200 15 5 10     1089     1        0.0005 
 200 15 6 1     2648     1        0.0001 
 200 15 6 2     2586     1        0.0000 
 200 15 6 3     2593     1        0.0000 
 200 15 6 4     2560     1        0.0000 
 200 15 6 5     2604     1        0.0000 
 200 15 6 6     2596     1        0.5510 
 200 15 6 7     2589     1        0.0020 
 200 15 6 8     2592     1        0.0000 
 200 15 6 9     2590     1        0.0000 
 200 15 6 10     2587     1        0.5470 
 200 20 1 1     566     1        0.0010 
 200 20 1 2     543     1        0.0020 
 200 20 1 3     546     1        0.0005 
 200 20 1 4     557     1        0.0000 
 200 20 1 5     584     1        0.0001 
 200 20 1 6     553     1        0.0000 
 200 20 1 7     537     1        0.0001 
 200 20 1 8     568     1        0.0000 
 200 20 1 9     549     1        0.0000 
 200 20 1 10     544     1        0.0000 
 200 20 2 1     1028     1        0.0000 
 200 20 2 2     1054     1        0.0001 
 200 20 2 3     1045     1        0.0000 
 200 20 2 4     1106     1        0.0000 
 200 20 2 5     1085     1        0.0000 
 200 20 2 6     956     1        0.0010 
 200 20 2 7     1002     1        0.0010 
 200 20 2 8     1040     1        0.0010 
 200 20 2 9     1004     1        0.0001 
 200 20 2 10     1097     1        0.0000 
 200 20 3 1     2628     1        0.0000 
 200 20 3 2     2790     1        0.0000 
 200 20 3 3     2468     1        0.0000 
 200 20 3 4     2608     1        0.0001 
 200 20 3 5     2528     1        0.0000 
 200 20 3 6     2649     1        0.0000 
 200 20 3 7     2531     1        0.0001 
 200 20 3 8     2425     1        0.0000 
 200 20 3 9     2472     1        0.0000 
 200 20 3 10     2585     1        0.0001 
 200 20 4 1     592     1        0.0010 
 200 20 4 2     595     1        0.0001 
 200 20 4 3     610     1        0.0001 
 200 20 4 4     610     1        0.0000 
 200 20 4 5     606     1        0.0000 
 200 20 4 6     608     1        0.0010 
 200 20 4 7     597     1        0.0001 
 200 20 4 8     586     1        0.0000 
 200 20 4 9     597     1        0.5290 
 200 20 4 10     595     1        0.0010 
 200 20 5 1     1099     1        0.0010 
 200 20 5 2     1094     1        0.0010 
 200 20 5 3     1113     1        0.0010 
 200 20 5 4     1094     1        0.0010 
 200 20 5 5     1107     1        0.0010 
 200 20 5 6     1114     1        0.0000 
 200 20 5 7     1098     1        0.0010 
 200 20 5 8     1125     1        0.0010 
 200 20 5 9     1097     1        0.0001 
 200 20 5 10     1128     1        0.0000 
 200 20 6 1     2633     1        0.0001 
 200 20 6 2     2596     1        0.0000 
 200 20 6 3     2615     1        0.5190 
 200 20 6 4     2595     1        0.0010 
 200 20 6 5     2570     1        0.0010 
 200 20 6 6     2579     1        0.0010 
 200 20 6 7     2613     1        0.0000 
 200 20 6 8     2654     1        0.0000 
 200 20 6 9     2561     1        0.0010 
 200 20 6 10     2597     1        0.0000 
 250 2 1 1     689     1        0.0000 
 250 2 1 2     700     1        0.0001 
 250 2 1 3     733     1        0.0000 
 250 2 1 4     676     1        0.0000 
 250 2 1 5     707     1        0.0000 
 250 2 1 6     649     1        0.0000 
 250 2 1 7     665     1        0.0000 
 250 2 1 8     681     1        0.0001 
 250 2 1 9     684     1        0.0000 
 250 2 1 10     694     1        0.0000 
 250 2 2 1     1275     1        0.0000 
 250 2 2 2     1325     1        0.0000 
 250 2 2 3     1343     1        0.0000 
 250 2 2 4     1344     1        0.0000 
 250 2 2 5     1295     1        0.0000 
 250 2 2 6     1254     1        0.0000 
 250 2 2 7     1341     1        0.0000 
 250 2 2 8     1298     1        0.0000 
 250 2 2 9     1355     1        0.0000 
 250 2 2 10     1365     1        0.0000 
 250 2 3 1     3259     1        0.0000 
 250 2 3 2     3422     1        0.0000 
 250 2 3 3     3006     1        0.0000 
 250 2 3 4     3348     1        0.0000 
 250 2 3 5     3448     1        0.0000 
 250 2 3 6     3171     1        0.0010 
 250 2 3 7     3326     1        0.0010 
 250 2 3 8     3221     1        0.0003 
 250 2 3 9     3138     1        0.0003 
 250 2 3 10     3285     1        0.0001 
 250 2 4 1     748     1        0.0000 
 250 2 4 2     758     1        0.0001 
 250 2 4 3     738     1        0.0000 
 250 2 4 4     757     1        0.0001 
 250 2 4 5     747     1        0.0010 
 250 2 4 6     758     1        0.0010 
 250 2 4 7     744     1        0.0010 
 250 2 4 8     741     1        0.0002 
 250 2 4 9     758     1        0.0001 
 250 2 4 10     738     1        0.0040 
 250 2 5 1     1325     1        0.0010 
 250 2 5 2     1371     1        0.0010 
 250 2 5 3     1360     1        0.0010 
 250 2 5 4     1385     1        0.0001 
 250 2 5 5     1372     1        0.0000 
 250 2 5 6     1380     1        0.0000 
 250 2 5 7     1367     1        0.0000 
 250 2 5 8     1380     1        0.5440 
 250 2 5 9     1371     1        0.0020 
 250 2 5 10     1353     1        0.0010 
 250 2 6 1     3239     1        0.0010 
 250 2 6 2     3231     1        0.0010 
 250 2 6 3     3284     1        0.0003 
 250 2 6 4     3233     1        0.0000 
 250 2 6 5     3293     1        0.0001 
 250 2 6 6     3235     1        0.0001 
 250 2 6 7     3249     1        0.0002 
 250 2 6 8     3265     1        0.8100 
 250 2 6 9     3234     1        0.0020 
 250 2 6 10     3270     1        0.0010 
 250 5 1 1     698     1        0.0010 
 250 5 1 2     709     1        0.0010 
 250 5 1 3     687     1        0.0010 
 250 5 1 4     655     1        0.0010 
 250 5 1 5     681     1        0.0000 
 250 5 1 6     698     1        0.0010 
 250 5 1 7     686     1        0.0003 
 250 5 1 8     648     1        0.0001 
 250 5 1 9     711     1        0.0001 
 250 5 1 10     695     1        0.0001 
 250 5 2 1     1310     1        0.0010 
 250 5 2 2     1320     1        0.0010 
 250 5 2 3     1299     1        0.0001 
 250 5 2 4     1356     1        0.0003 
 250 5 2 5     1276     1        0.0001 
 250 5 2 6     1323     1        0.0005 
 250 5 2 7     1358     1        0.0001 
 250 5 2 8     1355     1        0.0002 
 250 5 2 9     1295     1        0.0002 
 250 5 2 10     1290     1        0.0001 
 250 5 3 1     3138     1        0.0001 
 250 5 3 2     3322     1        0.0002 
 250 5 3 3     3331     1        0.0001 
 250 5 3 4     3227     1        0.0001 
 250 5 3 5     2982     1        0.0010 
 250 5 3 6     3234     1        0.0010 
 250 5 3 7     3135     1        0.0001 
 250 5 3 8     3197     1        0.0003 
 250 5 3 9     3297     1        0.0001 
 250 5 3 10     3272     1        0.0001 
 250 5 4 1     743     1        0.0001 
 250 5 4 2     763     1        0.0001 
 250 5 4 3     754     1        0.0001 
 250 5 4 4     766     1        0.0001 
 250 5 4 5     750     1        0.0001 
 250 5 4 6     754     1        0.0001 
 250 5 4 7     780     1        0.0010 
 250 5 4 8     740     1        0.0001 
 250 5 4 9     765     1        0.0010 
 250 5 4 10     729     1        0.0020 
 250 5 5 1     1376     1        0.5330 
 250 5 5 2     1393     1        0.0020 
 250 5 5 3     1424     1        0.0020 
 250 5 5 4     1393     1        0.0010 
 250 5 5 5     1360     1        0.0000 
 250 5 5 6     1396     1        0.0000 
 250 5 5 7     1377     1        0.0000 
 250 5 5 8     1386     1        0.0000 
 250 5 5 9     1414     1        0.0000 
 250 5 5 10     1403     1        0.0000 
 250 5 6 1     3211     1        0.0000 
 250 5 6 2     3238     1        0.6540 
 250 5 6 3     3237     1        0.4800 
 250 5 6 4     3267     1        0.0020 
 250 5 6 5     3225     1        0.0010 
 250 5 6 6     3270     1        0.0000 
 250 5 6 7     3249     1        0.5100 
 250 5 6 8     3292     1        0.0020 
 250 5 6 9     3222     1        0.7000 
 250 5 6 10     3261     1        0.5130 
 250 10 1 1     665     1        0.0010 
 250 10 1 2     677     1        0.0001 
 250 10 1 3     658     1        0.0010 
 250 10 1 4     711     1        0.0002 
 250 10 1 5     666     1        0.0002 
 250 10 1 6     709     1        0.0010 
 250 10 1 7     702     1        0.0010 
 250 10 1 8     712     1        0.0001 
 250 10 1 9     701     1        0.0000 
 250 10 1 10     671     1        0.0000 
 250 10 2 1     1302     1        0.0000 
 250 10 2 2     1348     1        0.0000 
 250 10 2 3     1310     1        0.0000 
 250 10 2 4     1329     1        0.0000 
 250 10 2 5     1323     1        0.0010 
 250 10 2 6     1375     1        0.0000 
 250 10 2 7     1320     1        0.0000 
 250 10 2 8     1316     1        0.0000 
 250 10 2 9     1365     1        0.0000 
 250 10 2 10     1318     1        0.0000 
 250 10 3 1     3330     1        0.0000 
 250 10 3 2     3014     1        0.0000 
 250 10 3 3     3167     1        0.0000 
 250 10 3 4     3219     1        0.0000 
 250 10 3 5     3375     1        0.0000 
 250 10 3 6     3104     1        0.0000 
 250 10 3 7     3059     1        0.0000 
 250 10 3 8     3132     1        0.0010 
 250 10 3 9     3158     1        0.0001 
 250 10 3 10     3081     1        0.0010 
 250 10 4 1     759     1        0.0001 
 250 10 4 2     742     1        0.0001 
 250 10 4 3     752     1        0.0000 
 250 10 4 4     755     1        0.0001 
 250 10 4 5     734     1        0.0000 
 250 10 4 6     736     1        0.0002 
 250 10 4 7     738     1        0.0010 
 250 10 4 8     732     1        0.0003 
 250 10 4 9     747     1        0.0000 
 250 10 4 10     753     1        0.0000 
 250 10 5 1     1378     1        0.0000 
 250 10 5 2     1375     1        0.0020 
 250 10 5 3     1406     1        0.0000 
 250 10 5 4     1384     1        0.0010 
 250 10 5 5     1367     1        0.0000 
 250 10 5 6     1393     1        0.0000 
 250 10 5 7     1412     1        0.0000 
 250 10 5 8     1391     1        0.0000 
 250 10 5 9     1387     1        0.0000 
 250 10 5 10     1374     1        0.0000 
 250 10 6 1     3257     1        0.6980 
 250 10 6 2     3215     1        0.6240 
 250 10 6 3     3263     1        0.0020 
 250 10 6 4     3193     1        0.0010 
 250 10 6 5     3244     1        0.0010 
 250 10 6 6     3219     1        0.0010 
 250 10 6 7     3265     1        0.0000 
 250 10 6 8     3242     1        0.0001 
 250 10 6 9     3236     1        0.6310 
 250 10 6 10     3238     1        0.0010 
 250 15 1 1     716     1        0.0005 
 250 15 1 2     696     1        0.0010 
 250 15 1 3     692     1        0.0000 
 250 15 1 4     682     1        0.0010 
 250 15 1 5     662     1        0.0010 
 250 15 1 6     659     1        0.0001 
 250 15 1 7     680     1        0.0000 
 250 15 1 8     736     1        0.0000 
 250 15 1 9     704     1        0.0000 
 250 15 1 10     716     1        0.0000 
 250 15 2 1     1315     1        0.0000 
 250 15 2 2     1284     1        0.0000 
 250 15 2 3     1362     1        0.0001 
 250 15 2 4     1317     1        0.0001 
 250 15 2 5     1329     1        0.0000 
 250 15 2 6     1299     1        0.0000 
 250 15 2 7     1250     1        0.0000 
 250 15 2 8     1341     1        0.0000 
 250 15 2 9     1318     1        0.0020 
 250 15 2 10     1369     1        0.0000 
 250 15 3 1     3006     1        0.0000 
 250 15 3 2     3098     1        0.0000 
 250 15 3 3     3198     1        0.0000 
 250 15 3 4     3299     1        0.0000 
 250 15 3 5     3203     1        0.0000 
 250 15 3 6     3199     1        0.0000 
 250 15 3 7     2964     1        0.0000 
 250 15 3 8     3098     1        0.0010 
 250 15 3 9     3315     1        0.0000 
 250 15 3 10     3524     1        0.0000 
 250 15 4 1     751     1        0.0000 
 250 15 4 2     774     1        0.0000 
 250 15 4 3     748     1        0.0010 
 250 15 4 4     760     1        0.0010 
 250 15 4 5     761     1        0.0010 
 250 15 4 6     734     1        0.0002 
 250 15 4 7     743     1        0.0000 
 250 15 4 8     738     1        0.0001 
 250 15 4 9     764     1        0.0000 
 250 15 4 10     768     1        0.0001 
 250 15 5 1     1381     1        0.0000 
 250 15 5 2     1383     1        0.0000 
 250 15 5 3     1369     1        0.0001 
 250 15 5 4     1371     1        0.0001 
 250 15 5 5     1361     1        0.0002 
 250 15 5 6     1385     1        0.0001 
 250 15 5 7     1407     1        0.4820 
 250 15 5 8     1376     1        0.0010 
 250 15 5 9     1363     1        0.5250 
 250 15 5 10     1398     1        0.0020 
 250 15 6 1     3252     1        0.0010 
 250 15 6 2     3291     1        0.0000 
 250 15 6 3     3263     1        0.6300 
 250 15 6 4     3255     1        0.0030 
 250 15 6 5     3261     1        0.6180 
 250 15 6 6     3188     1        0.0020 
 250 15 6 7     3246     1        0.0010 
 250 15 6 8     3195     1        0.0010 
 250 15 6 9     3246     1        0.0010 
 250 15 6 10     3227     1        0.0010 
 250 20 1 1     713     1        0.0010 
 250 20 1 2     689     1        0.0010 
 250 20 1 3     709     1        0.0010 
 250 20 1 4     683     1        0.0001 
 250 20 1 5     687     1        0.0000 
 250 20 1 6     678     1        0.0000 
 250 20 1 7     669     1        0.0000 
 250 20 1 8     686     1        0.0000 
 250 20 1 9     737     1        0.0000 
 250 20 1 10     700     1        0.0000 
 250 20 2 1     1289     1        0.0000 
 250 20 2 2     1267     1        0.0000 
 250 20 2 3     1350     1        0.0000 
 250 20 2 4     1320     1        0.0000 
 250 20 2 5     1355     1        0.0000 
 250 20 2 6     1376     1        0.0000 
 250 20 2 7     1280     1        0.0000 
 250 20 2 8     1307     1        0.0030 
 250 20 2 9     1251     1        0.0010 
 250 20 2 10     1273     1        0.0001 
 250 20 3 1     3205     1        0.0000 
 250 20 3 2     3259     1        0.0000 
 250 20 3 3     3217     1        0.0001 
 250 20 3 4     3076     1        0.0000 
 250 20 3 5     3125     1        0.0000 
 250 20 3 6     3289     1        0.0000 
 250 20 3 7     2965     1        0.0000 
 250 20 3 8     3125     1        0.0000 
 250 20 3 9     3233     1        0.0000 
 250 20 3 10     3279     1        0.0000 
 250 20 4 1     746     1        0.0003 
 250 20 4 2     748     1        0.0010 
 250 20 4 3     732     1        0.0001 
 250 20 4 4     760     1        0.0000 
 250 20 4 5     752     1        0.0000 
 250 20 4 6     776     1        0.0000 
 250 20 4 7     756     1        0.0010 
 250 20 4 8     745     1        0.0000 
 250 20 4 9     747     1        0.0001 
 250 20 4 10     758     1        0.0000 
 250 20 5 1     1385     1        0.0000 
 250 20 5 2     1365     1        0.0000 
 250 20 5 3     1337     1        0.0000 
 250 20 5 4     1377     1        0.0000 
 250 20 5 5     1366     1        0.0000 
 250 20 5 6     1379     1        0.0010 
 250 20 5 7     1365     1        0.0001 
 250 20 5 8     1382     1        0.0000 
 250 20 5 9     1417     1        0.0000 
 250 20 5 10     1386     1        0.0000 
 250 20 6 1     3224     1        0.6110 
 250 20 6 2     3246     1        0.0030 
 250 20 6 3     3233     1        0.6480 
 250 20 6 4     3242     1        0.0020 
 250 20 6 5     3258     1        0.0010 
 250 20 6 6     3250     1        0.6500 
 250 20 6 7     3206     1        0.0020 
 250 20 6 8     3246     1        0.0010 
 250 20 6 9     3245     1        0.0010 
 250 20 6 10     3281     1        0.6230 
 300 2 1 1     806     1        0.0020 
 300 2 1 2     830     1        0.0010 
 300 2 1 3     850     1        0.0010 
 300 2 1 4     831     1        0.0010 
 300 2 1 5     831     1        0.0010 
 300 2 1 6     826     1        0.0010 
 300 2 1 7     816     1        0.0010 
 300 2 1 8     827     1        0.0005 
 300 2 1 9     855     1        0.0001 
 300 2 1 10     797     1        0.0010 
 300 2 2 1     1604     1        0.0010 
 300 2 2 2     1533     1        0.0010 
 300 2 2 3     1557     1        0.0003 
 300 2 2 4     1520     1        0.0001 
 300 2 2 5     1583     1        0.0001 
 300 2 2 6     1612     1        0.0003 
 300 2 2 7     1598     1        0.0010 
 300 2 2 8     1569     1        0.0001 
 300 2 2 9     1543     1        0.0001 
 300 2 2 10     1586     1        0.0001 
 300 2 3 1     3789     1        0.0001 
 300 2 3 2     3805     1        0.0001 
 300 2 3 3     3769     1        0.0010 
 300 2 3 4     3743     1        0.0010 
 300 2 3 5     3912     1        0.0010 
 300 2 3 6     3829     1        0.0010 
 300 2 3 7     3941     1        0.0020 
 300 2 3 8     3716     1        0.0001 
 300 2 3 9     3599     1        0.0001 
 300 2 3 10     3966     1        0.0000 
 300 2 4 1     904     1        0.0000 
 300 2 4 2     911     1        0.0000 
 300 2 4 3     893     1        0.0000 
 300 2 4 4     907     1        0.0000 
 300 2 4 5     898     1        0.0000 
 300 2 4 6     891     1        0.0010 
 300 2 4 7     908     1        0.0003 
 300 2 4 8     900     1        0.0000 
 300 2 4 9     915     1        0.0001 
 300 2 4 10     889     1        0.0001 
 300 2 5 1     1625     1        0.0001 
 300 2 5 2     1683     1        0.0001 
 300 2 5 3     1648     1        0.0001 
 300 2 5 4     1630     1        0.0001 
 300 2 5 5     1654     1        0.0001 
 300 2 5 6     1649     1        0.5340 
 300 2 5 7     1659     1        0.0010 
 300 2 5 8     1658     1        0.0003 
 300 2 5 9     1635     1        0.0010 
 300 2 5 10     1667     1        0.0010 
 300 2 6 1     3889     1        0.0000 
 300 2 6 2     3908     1        0.0003 
 300 2 6 3     3899     1        0.0001 
 300 2 6 4     3918     1        0.0001 
 300 2 6 5     3912     1        0.0001 
 300 2 6 6     3877     1        0.0003 
 300 2 6 7     3937     1        0.7730 
 300 2 6 8     3942     1        0.6530 
 300 2 6 9     3902     1        0.5190 
 300 2 6 10     3938     1        0.0010 
 300 5 1 1     807     1        0.0010 
 300 5 1 2     826     1        0.0000 
 300 5 1 3     879     1        0.0000 
 300 5 1 4     813     1        0.0000 
 300 5 1 5     835     1        0.0000 
 300 5 1 6     787     1        0.0000 
 300 5 1 7     873     1        0.0000 
 300 5 1 8     855     1        0.0000 
 300 5 1 9     818     1        0.0001 
 300 5 1 10     807     1        0.0001 
 300 5 2 1     1519     1        0.0000 
 300 5 2 2     1540     1        0.0000 
 300 5 2 3     1521     1        0.0030 
 300 5 2 4     1560     1        0.0010 
 300 5 2 5     1655     1        0.0003 
 300 5 2 6     1552     1        0.0001 
 300 5 2 7     1571     1        0.0001 
 300 5 2 8     1568     1        0.0001 
 300 5 2 9     1569     1        0.0001 
 300 5 2 10     1646     1        0.0001 
 300 5 3 1     3734     1        0.0001 
 300 5 3 2     3784     1        0.0001 
 300 5 3 3     3830     1        0.0001 
 300 5 3 4     3699     1        0.0001 
 300 5 3 5     3819     1        0.0001 
 300 5 3 6     3789     1        0.0010 
 300 5 3 7     3775     1        0.0000 
 300 5 3 8     3881     1        0.0001 
 300 5 3 9     3965     1        0.0001 
 300 5 3 10     3874     1        0.0001 
 300 5 4 1     893     1        0.0000 
 300 5 4 2     905     1        0.0000 
 300 5 4 3     924     1        0.0001 
 300 5 4 4     877     1        0.0000 
 300 5 4 5     890     1        0.0000 
 300 5 4 6     910     1        0.0000 
 300 5 4 7     896     1        0.0001 
 300 5 4 8     896     1        0.0000 
 300 5 4 9     896     1        0.0010 
 300 5 4 10     924     1        0.0010 
 300 5 5 1     1667     1        0.0010 
 300 5 5 2     1632     1        0.0010 
 300 5 5 3     1626     1        0.0010 
 300 5 5 4     1700     1        0.0003 
 300 5 5 5     1634     1        0.0001 
 300 5 5 6     1643     1        0.0001 
 300 5 5 7     1647     1        0.0001 
 300 5 5 8     1650     1        0.0000 
 300 5 5 9     1666     1        0.5540 
 300 5 5 10     1648     1        0.0020 
 300 5 6 1     3901     1        0.0010 
 300 5 6 2     3852     1        0.0010 
 300 5 6 3     3891     1        0.0010 
 300 5 6 4     3890     1        0.0010 
 300 5 6 5     3886     1        0.0010 
 300 5 6 6     3910     1        0.4790 
 300 5 6 7     3862     1        0.0020 
 300 5 6 8     3955     1        0.4770 
 300 5 6 9     3850     1        0.0030 
 300 5 6 10     3897     1        0.0001 
 300 10 1 1     778     1        0.0020 
 300 10 1 2     821     1        0.0010 
 300 10 1 3     812     1        0.0010 
 300 10 1 4     791     1        0.0000 
 300 10 1 5     840     1        0.0000 
 300 10 1 6     854     1        0.0000 
 300 10 1 7     842     1        0.0000 
 300 10 1 8     830     1        0.0000 
 300 10 1 9     831     1        0.0000 
 300 10 1 10     798     1        0.0000 
 300 10 2 1     1667     1        0.0000 
 300 10 2 2     1531     1        0.0000 
 300 10 2 3     1669     1        0.0000 
 300 10 2 4     1521     1        0.0000 
 300 10 2 5     1511     1        0.0001 
 300 10 2 6     1588     1        0.0000 
 300 10 2 7     1587     1        0.0000 
 300 10 2 8     1570     1        0.0000 
 300 10 2 9     1515     1        0.0000 
 300 10 2 10     1664     1        0.0000 
 300 10 3 1     3880     1        0.0000 
 300 10 3 2     3776     1        0.0001 
 300 10 3 3     3731     1        0.0000 
 300 10 3 4     3846     1        0.0001 
 300 10 3 5     3989     1        0.0000 
 300 10 3 6     3874     1        0.0001 
 300 10 3 7     3937     1        0.0030 
 300 10 3 8     3935     1        0.0000 
 300 10 3 9     3766     1        0.0000 
 300 10 3 10     3560     1        0.0000 
 300 10 4 1     909     1        0.0000 
 300 10 4 2     893     1        0.0000 
 300 10 4 3     886     1        0.0000 
 300 10 4 4     885     1        0.0000 
 300 10 4 5     882     1        0.0000 
 300 10 4 6     902     1        0.0000 
 300 10 4 7     894     1        0.0000 
 300 10 4 8     916     1        0.0000 
 300 10 4 9     922     1        0.0000 
 300 10 4 10     915     1        0.0000 
 300 10 5 1     1639     1        0.0001 
 300 10 5 2     1658     1        0.0000 
 300 10 5 3     1659     1        0.4800 
 300 10 5 4     1661     1        0.0020 
 300 10 5 5     1633     1        0.0000 
 300 10 5 6     1620     1        0.0010 
 300 10 5 7     1675     1        0.0003 
 300 10 5 8     1664     1        0.0001 
 300 10 5 9     1665     1        0.0001 
 300 10 5 10     1672     1        0.0000 
 300 10 6 1     3840     1        0.0000 
 300 10 6 2     3890     1        0.0000 
 300 10 6 3     3929     1        0.0000 
 300 10 6 4     3869     1        0.0000 
 300 10 6 5     3901     1        0.0000 
 300 10 6 6     3887     1        0.0000 
 300 10 6 7     3932     1        0.0001 
 300 10 6 8     3910     1        0.0001 
 300 10 6 9     3884     1        0.0000 
 300 10 6 10     3909     1        0.6120 
 300 15 1 1     772     1        0.0020 
 300 15 1 2     807     1        0.0000 
 300 15 1 3     837     1        0.0001 
 300 15 1 4     795     1        0.0002 
 300 15 1 5     819     1        0.0000 
 300 15 1 6     843     1        0.0002 
 300 15 1 7     854     1        0.0010 
 300 15 1 8     795     1        0.0010 
 300 15 1 9     867     1        0.0010 
 300 15 1 10     860     1        0.0010 
 300 15 2 1     1612     1        0.0010 
 300 15 2 2     1564     1        0.0002 
 300 15 2 3     1650     1        0.0001 
 300 15 2 4     1586     1        0.0010 
 300 15 2 5     1654     1        0.0010 
 300 15 2 6     1438     1        0.0010 
 300 15 2 7     1647     1        0.0001 
 300 15 2 8     1559     1        0.0001 
 300 15 2 9     1580     1        0.0010 
 300 15 2 10     1626     1        0.0010 
 300 15 3 1     3692     1        0.0010 
 300 15 3 2     3793     1        0.0010 
 300 15 3 3     3696     1        0.0003 
 300 15 3 4     3843     1        0.0001 
 300 15 3 5     3619     1        0.0001 
 300 15 3 6     3989     1        0.0002 
 300 15 3 7     4199     1        0.0010 
 300 15 3 8     3904     1        0.0010 
 300 15 3 9     3735     1        0.0010 
 300 15 3 10     4185     1        0.0010 
 300 15 4 1     902     1        0.0010 
 300 15 4 2     922     1        0.0020 
 300 15 4 3     897     1        0.0010 
 300 15 4 4     922     1        0.0010 
 300 15 4 5     916     1        0.0001 
 300 15 4 6     922     1        0.0000 
 300 15 4 7     909     1        0.0000 
 300 15 4 8     924     1        0.0000 
 300 15 4 9     910     1        0.0000 
 300 15 4 10     904     1        0.0000 
 300 15 5 1     1657     1        0.0001 
 300 15 5 2     1645     1        0.0000 
 300 15 5 3     1659     1        0.0000 
 300 15 5 4     1649     1        0.0010 
 300 15 5 5     1675     1        0.0005 
 300 15 5 6     1645     1        0.0001 
 300 15 5 7     1640     1        0.0001 
 300 15 5 8     1644     1        0.0000 
 300 15 5 9     1680     1        0.5000 
 300 15 5 10     1640     1        0.0010 
 300 15 6 1     3900     1        0.0010 
 300 15 6 2     3887     1        0.0003 
 300 15 6 3     3951     1        0.0001 
 300 15 6 4     3982     1        0.0002 
 300 15 6 5     3924     1        0.0001 
 300 15 6 6     3917     1        0.0001 
 300 15 6 7     3907     1        0.0000 
 300 15 6 8     3853     1        0.0000 
 300 15 6 9     3889     1        0.6760 
 300 15 6 10     3914     1        0.0020 
 300 20 1 1     836     1        0.0010 
 300 20 1 2     820     1        0.0010 
 300 20 1 3     846     1        0.0003 
 300 20 1 4     825     1        0.0001 
 300 20 1 5     822     1        0.0001 
 300 20 1 6     806     1        0.0001 
 300 20 1 7     848     1        0.0001 
 300 20 1 8     828     1        0.0001 
 300 20 1 9     833     1        0.0001 
 300 20 1 10     799     1        0.0000 
 300 20 2 1     1522     1        0.0001 
 300 20 2 2     1518     1        0.0001 
 300 20 2 3     1582     1        0.0001 
 300 20 2 4     1553     1        0.0001 
 300 20 2 5     1546     1        0.0001 
 300 20 2 6     1562     1        0.0001 
 300 20 2 7     1625     1        0.0010 
 300 20 2 8     1510     1        0.0001 
 300 20 2 9     1664     1        0.0003 
 300 20 2 10     1586     1        0.0001 
 300 20 3 1     3755     1        0.0003 
 300 20 3 2     3869     1        0.0001 
 300 20 3 3     3738     1        0.0001 
 300 20 3 4     3886     1        0.0001 
 300 20 3 5     3903     1        0.0001 
 300 20 3 6     3847     1        0.0001 
 300 20 3 7     3712     1        0.0001 
 300 20 3 8     3928     1        0.0001 
 300 20 3 9     3971     1        0.0001 
 300 20 3 10     3864     1        0.0001 
 300 20 4 1     899     1        0.0010 
 300 20 4 2     898     1        0.0010 
 300 20 4 3     908     1        0.0010 
 300 20 4 4     891     1        0.0005 
 300 20 4 5     893     1        0.0001 
 300 20 4 6     907     1        0.0001 
 300 20 4 7     879     1        0.0001 
 300 20 4 8     915     1        0.0000 
 300 20 4 9     901     1        0.0001 
 300 20 4 10     904     1        0.0000 
 300 20 5 1     1665     1        0.0001 
 300 20 5 2     1644     1        0.0001 
 300 20 5 3     1616     1        0.0001 
 300 20 5 4     1672     1        0.0000 
 300 20 5 5     1642     1        0.0001 
 300 20 5 6     1679     1        0.0010 
 300 20 5 7     1654     1        0.0010 
 300 20 5 8     1632     1        0.0000 
 300 20 5 9     1653     1        0.0000 
 300 20 5 10     1648     1        0.0000 
 300 20 6 1     3880     1        0.0000 
 300 20 6 2     3881     1        0.5410 
 300 20 6 3     3936     1        0.0020 
 300 20 6 4     3922     1        0.0010 
 300 20 6 5     3874     1        0.0010 
 300 20 6 6     3927     1        0.0000 
 300 20 6 7     3921     1        0.0005 
 300 20 6 8     3914     1        0.0002 
 300 20 6 9     3842     1        0.0002 
 300 20 6 10     3872     1        0.6290 
 400 2 1 1     1115     1        0.0020 
 400 2 1 2     1113     1        0.0010 
 400 2 1 3     1074     1        0.0000 
 400 2 1 4     1098     1        0.0002 
 400 2 1 5     1055     1        0.0000 
 400 2 1 6     1100     1        0.0000 
 400 2 1 7     1084     1        0.0000 
 400 2 1 8     1093     1        0.0000 
 400 2 1 9     1064     1        0.0001 
 400 2 1 10     1085     1        0.0000 
 400 2 2 1     2122     1        0.0001 
 400 2 2 2     2105     1        0.0001 
 400 2 2 3     1997     1        0.0010 
 400 2 2 4     2105     1        0.0003 
 400 2 2 5     2134     1        0.0003 
 400 2 2 6     2018     1        0.0003 
 400 2 2 7     2085     1        0.0002 
 400 2 2 8     2054     1        0.0002 
 400 2 2 9     2099     1        0.0002 
 400 2 2 10     2150     1        0.0002 
 400 2 3 1     5158     1        0.0002 
 400 2 3 2     4805     1        0.0002 
 400 2 3 3     5102     1        0.0003 
 400 2 3 4     5023     1        0.0002 
 400 2 3 5     5124     1        0.0030 
 400 2 3 6     4954     1        0.0001 
 400 2 3 7     5113     1        0.0003 
 400 2 3 8     5228     1        0.0002 
 400 2 3 9     5037     1        0.0000 
 400 2 3 10     5080     1        0.0001 
 400 2 4 1     1218     1        0.0001 
 400 2 4 2     1185     1        0.0000 
 400 2 4 3     1184     1        0.0000 
 400 2 4 4     1199     1        0.0003 
 400 2 4 5     1191     1        0.0001 
 400 2 4 6     1174     1        0.0001 
 400 2 4 7     1216     1        0.0001 
 400 2 4 8     1183     1        0.0001 
 400 2 4 9     1196     1        0.0010 
 400 2 4 10     1207     1        0.0010 
 400 2 5 1     2203     1        0.0010 
 400 2 5 2     2182     1        0.0005 
 400 2 5 3     2196     1        0.0002 
 400 2 5 4     2217     1        0.0001 
 400 2 5 5     2237     1        0.0002 
 400 2 5 6     2232     1        0.0001 
 400 2 5 7     2192     1        0.0001 
 400 2 5 8     2182     1        0.0002 
 400 2 5 9     2189     1        0.0001 
 400 2 5 10     2176     1        0.0002 
 400 2 6 1     5183     1        0.5570 
 400 2 6 2     5225     1        0.0020 
 400 2 6 3     5191     1        0.0010 
 400 2 6 4     5206     1        0.0003 
 400 2 6 5     5166     1        0.0005 
 400 2 6 6     5192     1        0.5600 
 400 2 6 7     5176     1        0.5470 
 400 2 6 8     5244     1        0.0040 
 400 2 6 9     5221     1        0.0001 
 400 2 6 10     5175     1        0.0010 
 400 5 1 1     1076     1        0.0000 
 400 5 1 2     1074     1        0.0000 
 400 5 1 3     1103     1        0.0000 
 400 5 1 4     1111     1        0.0000 
 400 5 1 5     1042     1        0.0000 
 400 5 1 6     1151     1        0.0000 
 400 5 1 7     1086     1        0.0000 
 400 5 1 8     1106     1        0.0000 
 400 5 1 9     1076     1        0.0000 
 400 5 1 10     1126     1        0.0000 
 400 5 2 1     2006     1        0.0020 
 400 5 2 2     2023     1        0.0010 
 400 5 2 3     2109     1        0.0001 
 400 5 2 4     2149     1        0.0000 
 400 5 2 5     2035     1        0.0000 
 400 5 2 6     2021     1        0.0000 
 400 5 2 7     2101     1        0.0000 
 400 5 2 8     2053     1        0.0000 
 400 5 2 9     2080     1        0.0000 
 400 5 2 10     1999     1        0.0000 
 400 5 3 1     5118     1        0.0000 
 400 5 3 2     5038     1        0.0000 
 400 5 3 3     4884     1        0.0000 
 400 5 3 4     5069     1        0.0000 
 400 5 3 5     5182     1        0.0000 
 400 5 3 6     5092     1        0.0001 
 400 5 3 7     5244     1        0.0000 
 400 5 3 8     4976     1        0.0000 
 400 5 3 9     5177     1        0.0000 
 400 5 3 10     5265     1        0.0000 
 400 5 4 1     1233     1        0.0000 
 400 5 4 2     1210     1        0.0000 
 400 5 4 3     1204     1        0.0000 
 400 5 4 4     1211     1        0.0000 
 400 5 4 5     1230     1        0.0000 
 400 5 4 6     1191     1        0.0001 
 400 5 4 7     1219     1        0.0000 
 400 5 4 8     1217     1        0.0000 
 400 5 4 9     1182     1        0.0000 
 400 5 4 10     1196     1        0.0020 
 400 5 5 1     2199     1        0.0010 
 400 5 5 2     2222     1        0.0010 
 400 5 5 3     2205     1        0.0010 
 400 5 5 4     2212     1        0.0010 
 400 5 5 5     2195     1        0.0010 
 400 5 5 6     2216     1        0.0010 
 400 5 5 7     2196     1        0.0000 
 400 5 5 8     2198     1        0.0001 
 400 5 5 9     2190     1        0.0003 
 400 5 5 10     2159     1        0.0010 
 400 5 6 1     5130     1        0.0020 
 400 5 6 2     5145     1        0.0002 
 400 5 6 3     5180     1        0.0010 
 400 5 6 4     5230     1        0.0010 
 400 5 6 5     5186     1        0.0001 
 400 5 6 6     5241     1        0.0010 
 400 5 6 7     5301     1        0.0000 
 400 5 6 8     5252     1        0.0000 
 400 5 6 9     5203     1        0.0000 
 400 5 6 10     5188     1        0.0000 
 400 10 1 1     1126     1        0.0000 
 400 10 1 2     1099     1        0.0000 
 400 10 1 3     1117     1        0.0000 
 400 10 1 4     1144     1        0.0000 
 400 10 1 5     1059     1        0.0010 
 400 10 1 6     1093     1        0.0010 
 400 10 1 7     1092     1        0.0000 
 400 10 1 8     1115     1        0.0000 
 400 10 1 9     1103     1        0.0000 
 400 10 1 10     1137     1        0.0000 
 400 10 2 1     2115     1        0.0000 
 400 10 2 2     2078     1        0.0000 
 400 10 2 3     2133     1        0.0000 
 400 10 2 4     2101     1        0.0000 
 400 10 2 5     2060     1        0.0000 
 400 10 2 6     2063     1        0.0000 
 400 10 2 7     2125     1        0.0000 
 400 10 2 8     2121     1        0.0000 
 400 10 2 9     2082     1        0.0010 
 400 10 2 10     2099     1        0.0010 
 400 10 3 1     5129     1        0.0001 
 400 10 3 2     5156     1        0.0000 
 400 10 3 3     4854     1        0.0000 
 400 10 3 4     5313     1        0.0001 
 400 10 3 5     5281     1        0.0001 
 400 10 3 6     5032     1        0.0000 
 400 10 3 7     4905     1        0.0001 
 400 10 3 8     5290     1        0.0001 
 400 10 3 9     5179     1        0.0000 
 400 10 3 10     4980     1        0.0000 
 400 10 4 1     1207     1        0.0000 
 400 10 4 2     1187     1        0.0010 
 400 10 4 3     1218     1        0.0010 
 400 10 4 4     1189     1        0.0003 
 400 10 4 5     1196     1        0.0001 
 400 10 4 6     1181     1        0.0000 
 400 10 4 7     1203     1        0.0000 
 400 10 4 8     1209     1        0.0000 
 400 10 4 9     1209     1        0.0000 
 400 10 4 10     1210     1        0.0003 
 400 10 5 1     2205     1        0.0000 
 400 10 5 2     2254     1        0.0001 
 400 10 5 3     2188     1        0.0000 
 400 10 5 4     2203     1        0.0000 
 400 10 5 5     2197     1        0.0010 
 400 10 5 6     2212     1        0.0010 
 400 10 5 7     2222     1        0.0003 
 400 10 5 8     2166     1        0.0000 
 400 10 5 9     2246     1        0.0000 
 400 10 5 10     2224     1        0.4660 
 400 10 6 1     5164     1        0.0010 
 400 10 6 2     5172     1        0.0010 
 400 10 6 3     5157     1        0.0000 
 400 10 6 4     5175     1        0.0001 
 400 10 6 5     5192     1        0.0000 
 400 10 6 6     5249     1        0.0001 
 400 10 6 7     5217     1        0.0000 
 400 10 6 8     5244     1        0.0000 
 400 10 6 9     5246     1        0.0000 
 400 10 6 10     5250     1        0.0000 
 400 15 1 1     1107     1        0.0000 
 400 15 1 2     1075     1        0.0000 
 400 15 1 3     1035     1        0.0010 
 400 15 1 4     1102     1        0.0000 
 400 15 1 5     1088     1        0.0000 
 400 15 1 6     1118     1        0.0000 
 400 15 1 7     1129     1        0.0000 
 400 15 1 8     1093     1        0.0000 
 400 15 1 9     1086     1        0.0000 
 400 15 1 10     1074     1        0.0000 
 400 15 2 1     2121     1        0.0000 
 400 15 2 2     2132     1        0.0000 
 400 15 2 3     2193     1        0.0000 
 400 15 2 4     2143     1        0.0000 
 400 15 2 5     2114     1        0.0000 
 400 15 2 6     2082     1        0.0000 
 400 15 2 7     1968     1        0.0000 
 400 15 2 8     2080     1        0.0000 
 400 15 2 9     2124     1        0.0000 
 400 15 2 10     2085     1        0.0000 
 400 15 3 1     5245     1        0.0000 
 400 15 3 2     4746     1        0.0030 
 400 15 3 3     5058     1        0.0003 
 400 15 3 4     5013     1        0.0001 
 400 15 3 5     5128     1        0.0001 
 400 15 3 6     5350     1        0.0001 
 400 15 3 7     5066     1        0.0001 
 400 15 3 8     5034     1        0.0001 
 400 15 3 9     5113     1        0.0001 
 400 15 3 10     4954     1        0.0001 
 400 15 4 1     1218     1        0.0001 
 400 15 4 2     1212     1        0.0000 
 400 15 4 3     1208     1        0.0001 
 400 15 4 4     1232     1        0.0010 
 400 15 4 5     1218     1        0.0010 
 400 15 4 6     1210     1        0.0010 
 400 15 4 7     1201     1        0.0010 
 400 15 4 8     1200     1        0.0000 
 400 15 4 9     1185     1        0.0000 
 400 15 4 10     1204     1        0.0000 
 400 15 5 1     2223     1        0.0000 
 400 15 5 2     2175     1        0.0000 
 400 15 5 3     2187     1        0.0000 
 400 15 5 4     2219     1        0.0000 
 400 15 5 5     2194     1        0.4380 
 400 15 5 6     2250     1        0.0010 
 400 15 5 7     2201     1        0.0020 
 400 15 5 8     2199     1        0.0000 
 400 15 5 9     2194     1        0.0000 
 400 15 5 10     2180     1        0.0000 
 400 15 6 1     5126     1        0.0000 
 400 15 6 2     5204     1        0.0000 
 400 15 6 3     5164     1        0.4580 
 400 15 6 4     5187     1        0.0020 
 400 15 6 5     5241     1        0.0010 
 400 15 6 6     5198     1        0.0010 
 400 15 6 7     5229     1        0.0010 
 400 15 6 8     5142     1        0.0001 
 400 15 6 9     5188     1        0.0001 
 400 15 6 10     5158     1        0.0000 
 400 20 1 1     1046     1        0.0000 
 400 20 1 2     1084     1        0.0000 
 400 20 1 3     1112     1        0.0000 
 400 20 1 4     1121     1        0.0000 
 400 20 1 5     1056     1        0.0000 
 400 20 1 6     1174     1        0.0000 
 400 20 1 7     1123     1        0.0000 
 400 20 1 8     1072     1        0.0000 
 400 20 1 9     1075     1        0.0010 
 400 20 1 10     1104     1        0.0000 
 400 20 2 1     2062     1        0.0000 
 400 20 2 2     2057     1        0.0000 
 400 20 2 3     2148     1        0.0000 
 400 20 2 4     2120     1        0.0000 
 400 20 2 5     2145     1        0.0020 
 400 20 2 6     2058     1        0.0010 
 400 20 2 7     2041     1        0.0002 
 400 20 2 8     2173     1        0.0000 
 400 20 2 9     2196     1        0.0000 
 400 20 2 10     2086     1        0.0005 
 400 20 3 1     4750     1        0.0001 
 400 20 3 2     5041     1        0.0000 
 400 20 3 3     4903     1        0.0000 
 400 20 3 4     4947     1        0.0000 
 400 20 3 5     4990     1        0.0000 
 400 20 3 6     5099     1        0.0000 
 400 20 3 7     4952     1        0.0010 
 400 20 3 8     4804     1        0.0002 
 400 20 3 9     5178     1        0.0000 
 400 20 3 10     4902     1        0.0010 
 400 20 4 1     1205     1        0.0000 
 400 20 4 2     1177     1        0.0000 
 400 20 4 3     1209     1        0.0000 
 400 20 4 4     1207     1        0.0000 
 400 20 4 5     1205     1        0.0000 
 400 20 4 6     1184     1        0.0000 
 400 20 4 7     1200     1        0.0000 
 400 20 4 8     1188     1        0.0000 
 400 20 4 9     1182     1        0.0000 
 400 20 4 10     1197     1        0.0000 
 400 20 5 1     2207     1        0.0000 
 400 20 5 2     2213     1        0.0000 
 400 20 5 3     2190     1        0.0000 
 400 20 5 4     2187     1        0.0020 
 400 20 5 5     2209     1        0.0001 
 400 20 5 6     2186     1        0.0000 
 400 20 5 7     2211     1        0.0001 
 400 20 5 8     2240     1        0.0001 
 400 20 5 9     2228     1        0.0000 
 400 20 5 10     2189     1        0.0001 
 400 20 6 1     5211     1        0.0005 
 400 20 6 2     5201     1        0.0000 
 400 20 6 3     5187     1        0.0001 
 400 20 6 4     5202     1        0.4890 
 400 20 6 5     5258     1        0.6440 
 400 20 6 6     5197     1        0.0001 
 400 20 6 7     5163     1        0.0003 
 400 20 6 8     5206     1        0.4360 
 400 20 6 9     5244     1        0.0000 
 400 20 6 10     5190     1        0.0010 